mean_regular: 0.0003727575266675347
std_regular: 0.01614908379844839
skew_regular: -0.039297948135867886
kurtosis_regular: 4.178162801711275
mean_forward: 0.00021844806420487755
std_forward: 0.016747972572181174
skew_forward: 0.026273448905521447
kurtosis_forward: 4.022359340899515
