mean_regular: 0.0007307999413707435
std_regular: 0.01305529783083197
skew_regular: -0.19046309473235207
kurtosis_regular: 7.521900281743189
mean_forward: 0.0007508772426243072
std_forward: 0.013878106409810116
skew_forward: -0.0948423334719844
kurtosis_forward: 7.935046234983645
